position:      20.5169 29.835 18.3947
orientation:   -0.508327 -0.202004 -0.666224 0.506896
field_of_view: 0.785398
