position:      4.47369 18.8858 18.5065
orientation:   -0.23772 -0.312606 -0.696153 0.600948
field_of_view: 0.99012
