position:      4.54783 18.7167 18.2969
orientation:   -0.242973 -0.308007 -0.698322 0.5987
field_of_view: 1.02228
